{
 "cells": [
  {
   "cell_type": "code",
   "execution_count": 1,
   "metadata": {},
   "outputs": [
    {
     "data": {
      "text/html": [
       "<div>\n",
       "<style scoped>\n",
       "    .dataframe tbody tr th:only-of-type {\n",
       "        vertical-align: middle;\n",
       "    }\n",
       "\n",
       "    .dataframe tbody tr th {\n",
       "        vertical-align: top;\n",
       "    }\n",
       "\n",
       "    .dataframe thead th {\n",
       "        text-align: right;\n",
       "    }\n",
       "</style>\n",
       "<table border=\"1\" class=\"dataframe\">\n",
       "  <thead>\n",
       "    <tr style=\"text-align: right;\">\n",
       "      <th></th>\n",
       "      <th>3</th>\n",
       "      <th>4</th>\n",
       "      <th>5</th>\n",
       "      <th>6</th>\n",
       "      <th>7</th>\n",
       "      <th>8</th>\n",
       "      <th>9</th>\n",
       "      <th>10</th>\n",
       "    </tr>\n",
       "    <tr>\n",
       "      <th>algorithm</th>\n",
       "      <th></th>\n",
       "      <th></th>\n",
       "      <th></th>\n",
       "      <th></th>\n",
       "      <th></th>\n",
       "      <th></th>\n",
       "      <th></th>\n",
       "      <th></th>\n",
       "    </tr>\n",
       "  </thead>\n",
       "  <tbody>\n",
       "    <tr>\n",
       "      <th>Hierarchical average</th>\n",
       "      <td>1.951416</td>\n",
       "      <td>0.478705</td>\n",
       "      <td>1.288793</td>\n",
       "      <td>0.673182</td>\n",
       "      <td>0.577952</td>\n",
       "      <td>0.712849</td>\n",
       "      <td>0.712849</td>\n",
       "      <td>0.466507</td>\n",
       "    </tr>\n",
       "    <tr>\n",
       "      <th>Hierarchical complete</th>\n",
       "      <td>0.538044</td>\n",
       "      <td>0.530005</td>\n",
       "      <td>0.415432</td>\n",
       "      <td>0.625359</td>\n",
       "      <td>0.444630</td>\n",
       "      <td>0.460061</td>\n",
       "      <td>0.712849</td>\n",
       "      <td>0.498794</td>\n",
       "    </tr>\n",
       "    <tr>\n",
       "      <th>Hierarchical single</th>\n",
       "      <td>NaN</td>\n",
       "      <td>NaN</td>\n",
       "      <td>0.510060</td>\n",
       "      <td>NaN</td>\n",
       "      <td>NaN</td>\n",
       "      <td>NaN</td>\n",
       "      <td>NaN</td>\n",
       "      <td>NaN</td>\n",
       "    </tr>\n",
       "    <tr>\n",
       "      <th>KMeans</th>\n",
       "      <td>0.471789</td>\n",
       "      <td>0.332931</td>\n",
       "      <td>0.339470</td>\n",
       "      <td>0.377618</td>\n",
       "      <td>0.401812</td>\n",
       "      <td>0.423789</td>\n",
       "      <td>0.379686</td>\n",
       "      <td>0.362581</td>\n",
       "    </tr>\n",
       "  </tbody>\n",
       "</table>\n",
       "</div>"
      ],
      "text/plain": [
       "                              3         4         5         6         7  \\\n",
       "algorithm                                                                 \n",
       "Hierarchical average   1.951416  0.478705  1.288793  0.673182  0.577952   \n",
       "Hierarchical complete  0.538044  0.530005  0.415432  0.625359  0.444630   \n",
       "Hierarchical single         NaN       NaN  0.510060       NaN       NaN   \n",
       "KMeans                 0.471789  0.332931  0.339470  0.377618  0.401812   \n",
       "\n",
       "                              8         9        10  \n",
       "algorithm                                            \n",
       "Hierarchical average   0.712849  0.712849  0.466507  \n",
       "Hierarchical complete  0.460061  0.712849  0.498794  \n",
       "Hierarchical single         NaN       NaN       NaN  \n",
       "KMeans                 0.423789  0.379686  0.362581  "
      ]
     },
     "execution_count": 1,
     "metadata": {},
     "output_type": "execute_result"
    }
   ],
   "source": [
    "import pandas as pd\n",
    "import plotly.graph_objs as go\n",
    "from plotly.offline import plot\n",
    "from dtaidistance import dtw_ndim\n",
    "\n",
    "\n",
    "data = pd.read_csv('data/metrics_results.csv')\n",
    "\n",
    "for m in data.columns.drop(['algorithm', 'n_clusters']):\n",
    "    df_test = data[['algorithm','n_clusters', m]]\n",
    "\n",
    "    # transposing\n",
    "    df_test_transposed = df_test.pivot_table(index='algorithm', columns=['n_clusters'], values=m).reset_index()\n",
    "    df_test_final = df_test_transposed.rename_axis('').rename_axis(\"\", axis=\"columns\").set_index('algorithm')\n",
    "\n",
    "    #df_test_final.T.plot(figsize=(20,10), title=ind)\n",
    "\n",
    "df_test_final.head()\n",
    "# plot(fig)"
   ]
  },
  {
   "cell_type": "code",
   "execution_count": 2,
   "metadata": {},
   "outputs": [],
   "source": [
    "# tuning for optimal k\n",
    "# k_max = 10\n",
    "# silhouette = []\n",
    "# chscore = []\n",
    "# dunnindex = []\n",
    "# for k in range(2, k_max+1):\n",
    "#     kmeans = kmeans_clustering(data, k)\n",
    "#     silhouette.append(silhouette_score(dtw_matrix, kmeans.labels_))\n",
    "#     chscore.append(symbolicDA.index_G1d(dtw_matrix, kmeans.labels_)[0])\n",
    "#     dunnindex.append(clValid.dunn(dtw_matrix, kmeans.labels_)[0])\n",
    "# for k in range(2, k_max+1):\n",
    "#     agg_average = agglomerative_clustering(data, k, linkage='average')\n",
    "#     silhouette.append(silhouette_score(dtw_matrix, agg_average.labels_))\n",
    "#     chscore.append(symbolicDA.index_G1d(dtw_matrix, agg_average.labels_)[0])\n",
    "#     dunnindex.append(clValid.dunn(dtw_matrix, agg_average.labels_)[0])\n",
    "# for k in range(2, k_max+1):\n",
    "#     agg_complete = agglomerative_clustering(data, k, linkage='complete')\n",
    "#     silhouette.append(silhouette_score(dtw_matrix, agg_complete.labels_))\n",
    "#     chscore.append(symbolicDA.index_G1d(dtw_matrix, agg_complete.labels_)[0])\n",
    "#     dunnindex.append(clValid.dunn(dtw_matrix, agg_complete.labels_)[0])\n",
    "# for k in range(2, k_max+1):\n",
    "#     agg_single = agglomerative_clustering(data, k, linkage='single')\n",
    "#     silhouette.append(silhouette_score(dtw_matrix, agg_single.labels_))\n",
    "#     chscore.append(symbolicDA.index_G1d(dtw_matrix, agg_single.labels_)[0])\n",
    "#     dunnindex.append(clValid.dunn(dtw_matrix, agg_single.labels_)[0])\n",
    "# metrics = pd.DataFrame({'silhouette' : silhouette, 'chscore' : chscore, 'dunnindex' : dunnindex})\n",
    "# metrics['algorithm'] = pd.Series(['KMeans']*9 + ['Hierarchical average']*9 + ['Hierarchical complete']*9 + ['Hierarchical single']*9)\n",
    "# metrics['n_clusters'] = pd.Series([x for x in range(2,11)]*4)\n",
    "# metrics = metrics[['algorithm', 'n_clusters', 'silhouette', 'chscore', 'dunnindex']]\n",
    "# metrics\n"
   ]
  },
  {
   "cell_type": "code",
   "execution_count": 3,
   "metadata": {},
   "outputs": [],
   "source": [
    "# data = [go.Scatter(x=df_test_final.columns,\n",
    "#                    y=df_test_final.loc[countrycode],\n",
    "#                    name=countrycode) for countrycode in df_test_final.index]\n",
    "\n",
    "# layout = go.Layout(\n",
    "#     title= ind.upper(),\n",
    "#     yaxis=dict(title='Value'),\n",
    "#     xaxis=dict(title='Years')\n",
    "# )\n",
    "\n",
    "# fig = go.Figure(data=data, layout=layout)\n",
    "# plot(fig)"
   ]
  },
  {
   "cell_type": "code",
   "execution_count": 4,
   "metadata": {},
   "outputs": [],
   "source": [
    "import plotly\n",
    "import plotly.graph_objs as go \n",
    "\n",
    "data = pd.read_csv('data/metrics_results.csv')\n",
    "# Initialize figure\n",
    "def plot_series(data: pd.DataFrame) -> None:\n",
    "    \"\"\"AI is creating summary for plot_series\n",
    "\n",
    "    Args:\n",
    "        data (pd.DataFrame): [description]\n",
    "    \"\"\"\n",
    "    fig = go.Figure()\n",
    "    buttons = list()\n",
    "    for i in range(data.shape[1]-2):\n",
    "        m = data.columns[i+2,]\n",
    "        df_test = data[['algorithm','n_clusters', m]]\n",
    "\n",
    "        # transposing\n",
    "        df_test_transposed = df_test.pivot_table(index='algorithm', columns=['n_clusters'], values=m).reset_index()\n",
    "        df_test_final = df_test_transposed.rename_axis('').rename_axis(\"\", axis=\"columns\").set_index('algorithm')\n",
    "\n",
    "        # Add Traces\n",
    "        for alg in df_test_final.index:\n",
    "            if i==0:\n",
    "                fig.add_trace(go.Scatter(x=df_test_final.columns, y=df_test_final.loc[alg],\n",
    "                        name=alg, visible=True))            \n",
    "            else:\n",
    "                fig.add_trace(go.Scatter(x=df_test_final.columns, y=df_test_final.loc[alg],\n",
    "                        name=alg, visible=False))\n",
    "        n_of_countries = df_test_final.shape[0]\n",
    "        visible = [False]*n_of_countries*i + [True]*n_of_countries + [False]*n_of_countries*(n_of_countries-i-1)\n",
    "        buttons.append(dict(label = m,\n",
    "                    method = 'update',\n",
    "                    args = [{'visible': visible},\n",
    "                            {'title': m}]))    \n",
    "    fig.update_layout(dict(updatemenus=[\n",
    "                        # dict(\n",
    "                        #     type = \"buttons\",\n",
    "                        #     direction = \"left\",\n",
    "                        #     buttons=list([\n",
    "                        #         dict(\n",
    "                        #             args=[\"visible\", \"legendonly\"],\n",
    "                        #             label=\"Deselect All\",\n",
    "                        #             method=\"restyle\"\n",
    "                        #         ),\n",
    "                        #         dict(\n",
    "                        #             args=[\"visible\", True],\n",
    "                        #             label=\"Select All\",\n",
    "                        #             method=\"restyle\"\n",
    "                        #         )\n",
    "                        #     ]),\n",
    "                        #     pad={\"r\": 10, \"t\": 10},\n",
    "                        #     showactive=True,\n",
    "                        #     x=1,\n",
    "                        #     xanchor=\"right\",\n",
    "                        #     y=1.1,\n",
    "                        #     yanchor=\"top\"\n",
    "                        # ),\n",
    "                        dict(type='dropdown', buttons=buttons, xanchor='right', x=1, y=1.15, active=0)#, showactive=True)                    ]\n",
    "    ]))\n",
    "    # updatemenus = list([\n",
    "    #     dict(active=-1, type='dropdown',\n",
    "    #         buttons=buttons, xanchor='right', x=1, y=1.15\n",
    "            \n",
    "    #     )\n",
    "    # ])\n",
    "\n",
    "    \n",
    "    fig.update_layout(title='Series')#, title_pad_l=40, title_xanchor='left')\n",
    "    plot(fig)"
   ]
  },
  {
   "cell_type": "code",
   "execution_count": 31,
   "metadata": {},
   "outputs": [],
   "source": [
    "plot_series(data)"
   ]
  },
  {
   "cell_type": "code",
   "execution_count": 5,
   "metadata": {},
   "outputs": [],
   "source": [
    "import plotly.express as px\n",
    "import numpy as np\n",
    "\n",
    "def plot_dbscan(countries: pd.DataFrame, labels: np.array) -> None:\n",
    "    \"\"\"\n",
    "    Plot cartogram presenting clustering results for given countries.\n",
    "\n",
    "    Args:\n",
    "        countries (pd.DataFrame): Pandas Dataframe containing at least one column, named 'countrycode',\n",
    "        with ISO-3166 alpha-3 codes of countries\n",
    "        labels (np.array): cluster assignment generated by clustering model for given countries\n",
    "    \"\"\"\n",
    "    labels = labels.astype(str)\n",
    "    countries[\"cluster\"] = pd.Series(labels)\n",
    "    fig = px.choropleth(countries, locations='countrycode', color=\"cluster\",\n",
    "                        projection='conic conformal', color_discrete_sequence=px.colors.qualitative.Pastel)\n",
    "    fig.update_geos(lataxis_range=[35, 75], lonaxis_range=[-15, 45])  # customized to show Europe only\n",
    "    fig.update_layout(showlegend=False, margin=dict(l=20, r=20, t=20, b=20), paper_bgcolor='rgba(0,0,0,0)')\n",
    "    return fig.to_html(full_html=False, default_height=400, default_width=400)\n"
   ]
  },
  {
   "cell_type": "code",
   "execution_count": 2,
   "metadata": {},
   "outputs": [],
   "source": [
    "from sklearn.cluster import DBSCAN\n",
    "def dbscan_clustering(data: pd.DataFrame, eps: float, min_samples: int) -> DBSCAN:\n",
    "    \"\"\"\n",
    "    Perform DBSCAN clustering.\n",
    "\n",
    "    Args:\n",
    "        data (pd.DataFrame): preprocessed dataframe with economic indexes\n",
    "        eps (float): maximum distance between two points for them to be considered as neighbouring\n",
    "        min_samples (int): number of samples in a neighborhood for a point to be considered as a core point\n",
    "\n",
    "    Returns:\n",
    "        DBSCAN: fitted clustering model\n",
    "    \"\"\"\n",
    "    # transform input data into adequate structure - 3D numpy array\n",
    "    data_t = data.melt(id_vars=['countrycode', 'country', 'year'])\n",
    "    data_t = data_t.groupby(['countrycode', 'country', 'year', 'variable'])['value'].aggregate('mean').unstack(\n",
    "        'year')\n",
    "    data_t = data_t.reset_index().drop('variable', axis=1).groupby(['countrycode', 'country']).agg(list)\n",
    "    n_countries = data_t.shape[0]  # number of points (countries)\n",
    "    time_range = data_t.shape[1]  # time range\n",
    "    n_vars = data.shape[1] - 3  # number of economic indexes\n",
    "    # filling the array\n",
    "    data_t_arr = np.empty(shape=(n_countries, time_range, n_vars))\n",
    "    for i in range(n_countries):\n",
    "        for j in range(time_range):\n",
    "            data_t_arr[i][j] = np.array(data_t.iloc[i, j])\n",
    "    # calculating distances between points (countries)\n",
    "    dtw_matrix = dtw_ndim.distance_matrix_fast(data_t_arr, n_vars)\n",
    "    # creating and fitting the model\n",
    "    model = DBSCAN(eps=eps, min_samples=min_samples, metric='precomputed')\n",
    "    model.fit(dtw_matrix)\n",
    "    return model"
   ]
  },
  {
   "cell_type": "code",
   "execution_count": 3,
   "metadata": {},
   "outputs": [],
   "source": [
    "import pandas as pd\n",
    "import plotly\n",
    "import numpy as np\n",
    "from sklearn.cluster import KMeans, AgglomerativeClustering, DBSCAN\n",
    "\n",
    "# def plot_dbscan(df, countries, labels):\n",
    "data = pd.read_csv('data/data.csv')\n",
    "\n",
    "# transform input data into adequate structure - 3D numpy array\n",
    "data_t = data.melt(id_vars=['countrycode', 'country', 'year'])\n",
    "data_t = data_t.groupby(['countrycode', 'country', 'year', 'variable'])['value'].aggregate('mean').unstack(\n",
    "    'year')\n",
    "data_t = data_t.reset_index().drop('variable', axis=1).groupby(['countrycode', 'country']).agg(list)\n",
    "n_countries = data_t.shape[0]  # number of points (countries)\n",
    "time_range = data_t.shape[1]  # time range\n",
    "n_vars = data.shape[1] - 3  # number of economic indexes\n",
    "# filling the array\n",
    "data_t_arr = np.empty(shape=(n_countries, time_range, n_vars))\n",
    "for i in range(n_countries):\n",
    "    for j in range(time_range):\n",
    "        data_t_arr[i][j] = np.array(data_t.iloc[i, j])\n",
    "# calculating distances between points (countries)\n",
    "dtw_matrix = dtw_ndim.distance_matrix_fast(data_t_arr, n_vars)\n",
    "\n",
    "# labels = labels.astype(str)\n",
    "# countries[\"cluster\"] = pd.Series(labels)\n",
    "# data = [dict(type='choropleth',\n",
    "#             locations = countries['countrycode'].astype(str),\n",
    "#             color=countries['cluster'].astype(int),\n",
    "#             projection='conic conformal', color_discrete_sequence=px.colors.qualitative.Pastel)]\n",
    "countries = data[['countrycode','country']].drop_duplicates().reset_index(drop=True)\n",
    "# let's create some additional, random data \n",
    "\n",
    "##### WYKRES ######\n",
    "eps_grid = [3, 3.1, 3.2, 3.3, 3.4, 3.5]\n",
    "min_samples_grid = [2,3,4,5,6]\n",
    "plot_data = []\n",
    "for eps in eps_grid:\n",
    "    for min_samples in min_samples_grid:\n",
    "        model = DBSCAN(eps=eps, min_samples=min_samples, metric='precomputed')\n",
    "        model.fit(dtw_matrix)\n",
    "        plot_data.append(dict(type='choropleth',\n",
    "                locations = countries['countrycode'].astype(str),\n",
    "                z=model.labels_))\n",
    "# (3,2), (3,3) ... (3.1, 2), (3.1, 3) \n",
    "\n",
    "# let's create the steps for the slider\n",
    "# eps\n",
    "steps = []\n",
    "i=0\n",
    "for eps in eps_grid:\n",
    "    for min_samples in min_samples_grid:\n",
    "        step = dict(method='restyle',\n",
    "                    args=['visible', [False] * len(plot_data)],\n",
    "                    label='{} / {}'.format(eps, min_samples))\n",
    "        step['args'][1][i] = True\n",
    "        steps.append(step)\n",
    "        i+=1\n",
    "# min_samples\n",
    "# steps2 = []\n",
    "# for i in range(len(plot_data)):\n",
    "#     step = dict(method='restyle',\n",
    "#                 args=['visible', [False] * len(plot_data)],\n",
    "#                 label='Eps2 {}'.format(3+ i/10))\n",
    "#     step['args'][1][i] = True\n",
    "#     steps2.append(step)\n",
    "\n",
    "sliders = [dict(active=0,\n",
    "                pad={\"t\": 1},\n",
    "                steps=steps,\n",
    "                currentvalue={'prefix':'Eps - ',\n",
    "                'suffix':' - min samples'})]\n",
    "                # dict(active=0,\n",
    "                # pad={\"t\": 1},\n",
    "                # steps=steps2)]    \n",
    "layout = dict(geo=dict(projection={'type': 'conic conformal'}, lataxis={'range':[35,75]}, \n",
    " lonaxis={'range' : [-15, 45]}),\n",
    "            sliders=sliders)\n",
    "\n",
    "fig = dict(data=plot_data, \n",
    "        layout=layout)\n",
    "#fig.update_layout(showlegend=False)\n"
   ]
  },
  {
   "cell_type": "code",
   "execution_count": 38,
   "metadata": {},
   "outputs": [],
   "source": [
    "# def plot_dbscan(df, countries, labels):\n",
    "data = pd.read_csv('data/data.csv')\n",
    "\n",
    "year_grid = [x for x in range(1999,2020,1)]\n",
    "plot_data = []\n",
    "for year in year_grid:\n",
    "        model = DBSCAN(eps=eps, min_samples=min_samples, metric='precomputed')\n",
    "        model.fit(dtw_matrix)\n",
    "        plot_data.append(dict(type='choropleth',\n",
    "                locations = countries['countrycode'].astype(str),\n",
    "                z=model.labels_))\n",
    "# transform input data into adequate structure - 3D numpy array\n",
    "data_t = data.melt(id_vars=['countrycode', 'country', 'year'])\n",
    "data_t = data_t.groupby(['countrycode', 'country', 'year', 'variable'])['value'].aggregate('mean').unstack(\n",
    "    'year')\n",
    "data_t = data_t.reset_index().drop('variable', axis=1).groupby(['countrycode', 'country']).agg(list)\n",
    "n_countries = data_t.shape[0]  # number of points (countries)\n",
    "time_range = data_t.shape[1]  # time range\n",
    "n_vars = data.shape[1] - 3  # number of economic indexes\n",
    "# filling the array\n",
    "data_t_arr = np.empty(shape=(n_countries, time_range, n_vars))\n",
    "for i in range(n_countries):\n",
    "    for j in range(time_range):\n",
    "        data_t_arr[i][j] = np.array(data_t.iloc[i, j])\n",
    "# calculating distances between points (countries)\n",
    "dtw_matrix = dtw_ndim.distance_matrix_fast(data_t_arr, n_vars)\n",
    "\n",
    "# labels = labels.astype(str)\n",
    "# countries[\"cluster\"] = pd.Series(labels)\n",
    "# data = [dict(type='choropleth',\n",
    "#             locations = countries['countrycode'].astype(str),\n",
    "#             color=countries['cluster'].astype(int),\n",
    "#             projection='conic conformal', color_discrete_sequence=px.colors.qualitative.Pastel)]\n",
    "countries = data[['countrycode','country']].drop_duplicates().reset_index(drop=True)\n",
    "# let's create some additional, random data \n",
    "\n",
    "##### WYKRES ######\n",
    "eps_grid = [3, 3.1, 3.2, 3.3, 3.4, 3.5]\n",
    "min_samples_grid = [2,3,4,5,6]\n",
    "plot_data = []\n",
    "for eps in eps_grid:\n",
    "    for min_samples in min_samples_grid:\n",
    "        model = DBSCAN(eps=eps, min_samples=min_samples, metric='precomputed')\n",
    "        model.fit(dtw_matrix)\n",
    "        plot_data.append(dict(type='choropleth',\n",
    "                locations = countries['countrycode'].astype(str),\n",
    "                z=model.labels_))\n",
    "# (3,2), (3,3) ... (3.1, 2), (3.1, 3) \n",
    "\n",
    "# let's create the steps for the slider\n",
    "# eps\n",
    "steps = []\n",
    "i=0\n",
    "for eps in eps_grid:\n",
    "    for min_samples in min_samples_grid:\n",
    "        step = dict(method='restyle',\n",
    "                    args=['visible', [False] * len(plot_data)],\n",
    "                    label='{} / {}'.format(eps, min_samples))\n",
    "        step['args'][1][i] = True\n",
    "        steps.append(step)\n",
    "        i+=1\n",
    "# min_samples\n",
    "# steps2 = []\n",
    "# for i in range(len(plot_data)):\n",
    "#     step = dict(method='restyle',\n",
    "#                 args=['visible', [False] * len(plot_data)],\n",
    "#                 label='Eps2 {}'.format(3+ i/10))\n",
    "#     step['args'][1][i] = True\n",
    "#     steps2.append(step)\n",
    "\n",
    "sliders = [dict(active=0,\n",
    "                pad={\"t\": 1},\n",
    "                steps=steps,\n",
    "                currentvalue={'prefix':'Eps - ',\n",
    "                'suffix':' - min samples'})]\n",
    "                # dict(active=0,\n",
    "                # pad={\"t\": 1},\n",
    "                # steps=steps2)]    \n",
    "layout = dict(geo=dict(projection={'type': 'conic conformal'}, lataxis={'range':[35,75]}, \n",
    " lonaxis={'range' : [-15, 45]}),\n",
    "            sliders=sliders)\n",
    "\n",
    "fig = dict(data=plot_data, \n",
    "        layout=layout)\n",
    "#fig.update_layout(showlegend=False)\n"
   ]
  },
  {
   "cell_type": "code",
   "execution_count": 6,
   "metadata": {},
   "outputs": [],
   "source": [
    "def kmeans_clustering(data: pd.DataFrame, n_clusters: int) -> TimeSeriesKMeans:\n",
    "    \"\"\"\n",
    "    Perform KMeans clustering.\n",
    "\n",
    "    Args:\n",
    "        data (pd.DataFrame): preprocessed dataframe with economic indexes\n",
    "        n_clusters (int): number of clusters to be formed\n",
    "\n",
    "    Returns:\n",
    "        TimeSeriesKMeans: fitted clustering model\n",
    "    \"\"\"\n",
    "    # transform input data into adequate structure - 3D numpy array\n",
    "    data_agg = data.drop('year', axis=1).groupby(['countrycode', 'country']).agg(list)\n",
    "    n_countries = data_agg.shape[0] # number of points (countries)\n",
    "    time_range =  len(data['year'].drop_duplicates()) # time range\n",
    "    n_vars = data.shape[1] - 3 # number of economic indexes\n",
    "    # filling the array\n",
    "    data_agg_arr = np.empty(shape=(n_countries, n_vars, time_range))\n",
    "    for i in range(data_agg.shape[0]):\n",
    "        for j in range(data_agg.shape[1]):\n",
    "            data_agg_arr[i][j] = np.array(data_agg.iloc[i,j])\n",
    "    # creating and fitting a model\n",
    "    model = TimeSeriesKMeans(n_clusters=n_clusters, metric='dtw', random_state=123)\n",
    "    model.fit(data_agg_arr)\n",
    "    return model\n"
   ]
  },
  {
   "cell_type": "code",
   "execution_count": 9,
   "metadata": {},
   "outputs": [],
   "source": [
    "import pandas as pd\n",
    "import numpy as np\n",
    "import seaborn as sns\n",
    "import matplotlib.pyplot as plt\n",
    "import plotly.express as px\n",
    "from tslearn.preprocessing import TimeSeriesScalerMeanVariance\n",
    "from tslearn.clustering import TimeSeriesKMeans\n",
    "from dtaidistance import dtw_ndim\n",
    "from scipy.cluster.hierarchy import dendrogram\n",
    "from sklearn.cluster import KMeans, AgglomerativeClustering, DBSCAN\n",
    "from sklearn.metrics import silhouette_score\n",
    "\n",
    "def agglomerative_clustering(data: pd.DataFrame, n_clusters: int, linkage: str) -> AgglomerativeClustering:\n",
    "    \"\"\"\n",
    "    Perform hierarchical clustering.\n",
    "\n",
    "    Args:\n",
    "        data (pd.DataFrame): preprocessed dataframe with economic indexes\n",
    "        n_clusters (int): number of clusters to be formed\n",
    "        linkage (str): type of linkage criterion; 'average', 'complete' or 'single'\n",
    "\n",
    "    Returns:\n",
    "        AgglomerativeClustering: fitted clustering model\n",
    "    \"\"\"\n",
    "    # transform input data into adequate structure - 3D numpy array\n",
    "    data_t = data.melt(id_vars=['countrycode','country','year'])\n",
    "    data_t = data_t.groupby(['countrycode','country','year','variable'])['value'].aggregate('mean').unstack('year')\n",
    "    data_t = data_t.reset_index().drop('variable', axis=1).groupby(['countrycode', 'country']).agg(list)\n",
    "    n_countries = data_t.shape[0] # number of points (countries)\n",
    "    time_range =  data_t.shape[1] # time range\n",
    "    n_vars = data.shape[1] - 3 # number of economic indexes\n",
    "    # filling the array\n",
    "    data_t_arr = np.empty(shape=(n_countries, time_range, n_vars))\n",
    "    for i in range(n_countries):\n",
    "        for j in range(time_range):\n",
    "            data_t_arr[i][j] = np.array(data_t.iloc[i,j])\n",
    "    # calculating distances between points (countries)\n",
    "    dtw_matrix = dtw_ndim.distance_matrix_fast(data_t_arr, n_vars)\n",
    "    print(dtw_matrix)\n",
    "    # creating and fitting the model\n",
    "    model = AgglomerativeClustering(\n",
    "        n_clusters=n_clusters, affinity='precomputed', linkage=linkage, compute_distances=True)\n",
    "    model.fit(dtw_matrix)\n",
    "    return model\n"
   ]
  },
  {
   "cell_type": "code",
   "execution_count": 28,
   "metadata": {},
   "outputs": [
    {
     "data": {
      "text/plain": [
       "(array([], dtype=int64), array([], dtype=int64))"
      ]
     },
     "execution_count": 28,
     "metadata": {},
     "output_type": "execute_result"
    }
   ],
   "source": [
    "np.where(np.isnan(dtw_matrix))"
   ]
  },
  {
   "cell_type": "code",
   "execution_count": 18,
   "metadata": {},
   "outputs": [
    {
     "name": "stdout",
     "output_type": "stream",
     "text": [
      "[1990 1991 1992 1993 1994 1995 1996 1997 1998 1999]\n",
      "[[0.         6.07505746 7.10185172 ... 5.72016906 6.34470675 4.73083944]\n",
      " [6.07505746 0.         2.60780994 ... 2.02561094 1.86659901 3.26827653]\n",
      " [7.10185172 2.60780994 0.         ... 3.65636985 1.99767049 4.35202898]\n",
      " ...\n",
      " [5.72016906 2.02561094 3.65636985 ... 0.         3.32891458 3.14421664]\n",
      " [6.34470675 1.86659901 1.99767049 ... 3.32891458 0.         3.57331399]\n",
      " [4.73083944 3.26827653 4.35202898 ... 3.14421664 3.57331399 0.        ]]\n",
      "[1991 1992 1993 1994 1995 1996 1997 1998 1999 2000]\n",
      "[[0.         6.03530019 7.07746197 ... 5.71294466 6.31076537 4.65937552]\n",
      " [6.03530019 0.         2.62506765 ... 1.94953029 1.85905104 3.29433937]\n",
      " [7.07746197 2.62506765 0.         ... 3.65308631 1.9733552  4.38178437]\n",
      " ...\n",
      " [5.71294466 1.94953029 3.65308631 ... 0.         3.27609072 3.12379756]\n",
      " [6.31076537 1.85905104 1.9733552  ... 3.27609072 0.         3.61526361]\n",
      " [4.65937552 3.29433937 4.38178437 ... 3.12379756 3.61526361 0.        ]]\n",
      "[1992 1993 1994 1995 1996 1997 1998 1999 2000 2001]\n",
      "[[0.         5.9779708  7.03801689 ... 5.69381678 6.2632903  4.57784952]\n",
      " [5.9779708  0.         2.64109801 ... 1.87618776 1.85173887 3.29811459]\n",
      " [7.03801689 2.64109801 0.         ... 3.64799991 1.95337038 4.39659951]\n",
      " ...\n",
      " [5.69381678 1.87618776 3.64799991 ... 0.         3.22725723 3.09684199]\n",
      " [6.2632903  1.85173887 1.95337038 ... 3.22725723 0.         3.64118195]\n",
      " [4.57784952 3.29811459 4.39659951 ... 3.09684199 3.64118195 0.        ]]\n",
      "[1993 1994 1995 1996 1997 1998 1999 2000 2001 2002]\n",
      "[[0.         5.90431395 6.9845749  ... 5.66152314 6.20268563 4.48758982]\n",
      " [5.90431395 0.         2.65591321 ... 1.80932018 1.84416986 3.27814799]\n",
      " [6.9845749  2.65591321 0.         ... 3.64103551 1.93983404 4.39662756]\n",
      " ...\n",
      " [5.66152314 1.80932018 3.64103551 ... 0.         3.18384699 3.06406583]\n",
      " [6.20268563 1.84416986 1.93983404 ... 3.18384699 0.         3.64829846]\n",
      " [4.48758982 3.27814799 4.39662756 ... 3.06406583 3.64829846 0.        ]]\n",
      "[1994 1995 1996 1997 1998 1999 2000 2001 2002 2003]\n",
      "[[0.         5.81753218 6.91959549 ... 5.61568006 6.13051839 4.39368081]\n",
      " [5.81753218 0.         2.67012527 ... 1.75175687 1.83587884 3.23773919]\n",
      " [6.91959549 2.67012527 0.         ... 3.63192214 1.93494115 4.38613971]\n",
      " ...\n",
      " [5.61568006 1.75175687 3.63192214 ... 0.         3.14610123 3.02976874]\n",
      " [6.13051839 1.83587884 1.93494115 ... 3.14610123 0.         3.63793469]\n",
      " [4.39368081 3.23773919 4.38613971 ... 3.02976874 3.63793469 0.        ]]\n",
      "[1995 1996 1997 1998 1999 2000 2001 2002 2003 2004]\n",
      "[[0.         5.72082454 6.84562387 ... 5.5560319  6.04824803 4.30272301]\n",
      " [5.72082454 0.         2.68510782 ... 1.70481299 1.82703985 3.18436172]\n",
      " [6.84562387 2.68510782 0.         ... 3.62050004 1.94074747 4.37267681]\n",
      " ...\n",
      " [5.5560319  1.70481299 3.62050004 ... 0.         3.11341336 2.99992433]\n",
      " [6.04824803 1.82703985 1.94074747 ... 3.11341336 0.         3.61490593]\n",
      " [4.30272301 3.18436172 4.37267681 ... 2.99992433 3.61490593 0.        ]]\n",
      "[1996 1997 1998 1999 2000 2001 2002 2003 2004 2005]\n",
      "[[0.         5.6156078  6.76414718 ... 5.48181939 5.95615459 4.21828274]\n",
      " [5.6156078  0.         2.70265202 ... 1.66827891 1.81841786 3.12577155]\n",
      " [6.76414718 2.70265202 0.         ... 3.6069202  1.95855386 4.36312885]\n",
      " ...\n",
      " [5.48181939 1.66827891 3.6069202  ... 0.         3.08483179 2.97755196]\n",
      " [5.95615459 1.81841786 1.95855386 ... 3.08483179 0.         3.58397224]\n",
      " [4.21828274 3.12577155 4.36312885 ... 2.97755196 3.58397224 0.        ]]\n",
      "[1997 1998 1999 2000 2001 2002 2003 2004 2005 2006]\n",
      "[[0.         5.50144793 6.67543526 ... 5.39155705 5.85344694 4.1388101 ]\n",
      " [5.50144793 0.         2.72400921 ... 1.64072112 1.81073191 3.06847494]\n",
      " [6.67543526 2.72400921 0.         ... 3.59150302 1.98802584 4.36136002]\n",
      " ...\n",
      " [5.39155705 1.64072112 3.59150302 ... 0.         3.05914141 2.96184299]\n",
      " [5.85344694 1.81073191 1.98802584 ... 3.05914141 0.         3.54860888]\n",
      " [4.1388101  3.06847494 4.36136002 ... 2.96184299 3.54860888 0.        ]]\n",
      "[1998 1999 2000 2001 2002 2003 2004 2005 2006 2007]\n",
      "[[0.         5.37812228 6.57970878 ... 5.28406623 5.73999708 4.05925251]\n",
      " [5.37812228 0.         2.74903928 ... 1.61962523 1.80438079 3.01856956]\n",
      " [6.57970878 2.74903928 0.         ... 3.57424818 2.02669153 4.36852202]\n",
      " ...\n",
      " [5.28406623 1.61962523 3.57424818 ... 0.         3.034676   2.95076529]\n",
      " [5.73999708 1.80438079 2.02669153 ... 3.034676   0.         3.51217996]\n",
      " [4.05925251 3.01856956 4.36852202 ... 2.95076529 3.51217996 0.        ]]\n",
      "[1999 2000 2001 2002 2003 2004 2005 2006 2007 2008]\n",
      "[[0.         5.24830737 6.47905655 ... 5.16075455 5.61852801 3.97458904]\n",
      " [5.24830737 0.         2.77653164 ... 1.60185272 1.79979494 2.98111444]\n",
      " [6.47905655 2.77653164 0.         ... 3.55466729 2.07078085 4.38403543]\n",
      " ...\n",
      " [5.16075455 1.60185272 3.55466729 ... 0.         3.00956665 2.94248642]\n",
      " [5.61852801 1.79979494 2.07078085 ... 3.00956665 0.         3.47804492]\n",
      " [3.97458904 2.98111444 4.38403543 ... 2.94248642 3.47804492 0.        ]]\n",
      "[2000 2001 2002 2003 2004 2005 2006 2007 2008 2009]\n",
      "[[0.         5.11793853 6.37806008 ... 5.02661614 5.4946961  3.88278789]\n",
      " [5.11793853 0.         2.80550005 ... 1.58483051 1.79779904 2.95901015]\n",
      " [6.37806008 2.80550005 0.         ... 3.53237849 2.11725311 4.40693999]\n",
      " ...\n",
      " [5.02661614 1.58483051 3.53237849 ... 0.         2.98261231 2.9358821 ]\n",
      " [5.4946961  1.79779904 2.11725311 ... 2.98261231 0.         3.44918952]\n",
      " [3.88278789 2.95901015 4.40693999 ... 2.9358821  3.44918952 0.        ]]\n",
      "[2001 2002 2003 2004 2005 2006 2007 2008 2009 2010]\n",
      "[[0.         4.99354873 6.28192771 ... 4.88824931 5.37469938 3.78489334]\n",
      " [4.99354873 0.         2.83590972 ... 1.56742552 1.79964918 2.95299728]\n",
      " [6.28192771 2.83590972 0.         ... 3.50766188 2.16504591 4.43672056]\n",
      " ...\n",
      " [4.88824931 1.56742552 3.50766188 ... 0.         2.95406365 2.93110034]\n",
      " [5.37469938 1.79964918 2.16504591 ... 2.95406365 0.         3.42836721]\n",
      " [3.78489334 2.95299728 4.43672056 ... 2.93110034 3.42836721 0.        ]]\n",
      "[2002 2003 2004 2005 2006 2007 2008 2009 2010 2011]\n",
      "[[0.         4.87947553 6.19385585 ... 4.75122545 5.26313994 3.68327867]\n",
      " [4.87947553 0.         2.86797389 ... 1.54954405 1.80688553 2.96203315]\n",
      " [6.19385585 2.86797389 0.         ... 3.48111568 2.21421955 4.47246772]\n",
      " ...\n",
      " [4.75122545 1.54954405 3.48111568 ... 0.         2.92562258 2.92930959]\n",
      " [5.26313994 1.80688553 2.21421955 ... 2.92562258 0.         3.41782634]\n",
      " [3.68327867 2.96203315 4.47246772 ... 2.92930959 3.41782634 0.        ]]\n",
      "[2003 2004 2005 2006 2007 2008 2009 2010 2011 2012]\n",
      "[[0.         4.77702091 6.11383477 ... 4.61933575 5.16263303 3.58021865]\n",
      " [4.77702091 0.         2.90093584 ... 1.53117057 1.82101422 2.98361667]\n",
      " [6.11383477 2.90093584 0.         ... 3.45288453 2.26414584 4.51151141]\n",
      " ...\n",
      " [4.61933575 1.53117057 3.45288453 ... 0.         2.89966535 2.93166282]\n",
      " [5.16263303 1.82101422 2.26414584 ... 2.89966535 0.         3.41849305]\n",
      " [3.58021865 2.98361667 4.51151141 ... 2.93166282 3.41849305 0.        ]]\n",
      "[2004 2005 2006 2007 2008 2009 2010 2011 2012 2013]\n",
      "[[0.         4.68507711 6.0394614  ... 4.49527709 5.07417335 3.47724502]\n",
      " [4.68507711 0.         2.93278312 ... 1.51204158 1.84294948 3.01443364]\n",
      " [6.0394614  2.93278312 0.         ... 3.42252028 2.31275649 4.54952237]\n",
      " ...\n",
      " [4.49527709 1.51204158 3.42252028 ... 0.         2.87813511 2.93857774]\n",
      " [5.07417335 1.84294948 2.31275649 ... 2.87813511 0.         3.42953727]\n",
      " [3.47724502 3.01443364 4.54952237 ... 2.93857774 3.42953727 0.        ]]\n",
      "[2005 2006 2007 2008 2009 2010 2011 2012 2013 2014]\n",
      "[[0.         4.60131005 5.96795601 ... 4.38138446 4.99741148 3.37519582]\n",
      " [4.60131005 0.         2.96122162 ... 1.49218791 1.87250407 3.05118338]\n",
      " [5.96795601 2.96122162 0.         ... 3.38971783 2.35749315 4.58236044]\n",
      " ...\n",
      " [4.38138446 1.49218791 3.38971783 ... 0.         2.86184762 2.94996405]\n",
      " [4.99741148 1.87250407 2.35749315 ... 2.86184762 0.         3.44871204]\n",
      " [3.37519582 3.05118338 4.58236044 ... 2.94996405 3.44871204 0.        ]]\n",
      "[2006 2007 2008 2009 2010 2011 2012 2013 2014 2015]\n",
      "[[0.         4.52340612 5.89801658 ... 4.27995336 4.9310465  3.27483682]\n",
      " [4.52340612 0.         2.98503161 ... 1.47276943 1.9083722  3.09092161]\n",
      " [5.89801658 2.98503161 0.         ... 3.35518246 2.39690932 4.60811285]\n",
      " ...\n",
      " [4.27995336 1.47276943 3.35518246 ... 0.         2.85084633 2.96606834]\n",
      " [4.9310465  1.9083722  2.39690932 ... 2.85084633 0.         3.4731171 ]\n",
      " [3.27483682 3.09092161 4.60811285 ... 2.96606834 3.4731171  0.        ]]\n",
      "[2007 2008 2009 2010 2011 2012 2013 2014 2015 2016]\n",
      "[[0.         4.44997167 5.83051793 ... 4.19335483 4.87355004 3.17749132]\n",
      " [4.44997167 0.         3.00474967 ... 1.45648157 1.94858988 3.13092132]\n",
      " [5.83051793 3.00474967 0.         ... 3.32079892 2.43149523 4.62776972]\n",
      " ...\n",
      " [4.19335483 1.45648157 3.32079892 ... 0.         2.84538126 2.98811706]\n",
      " [4.87355004 1.94858988 2.43149523 ... 2.84538126 0.         3.50000161]\n",
      " [3.17749132 3.13092132 4.62776972 ... 2.98811706 3.50000161 0.        ]]\n",
      "[2008 2009 2010 2011 2012 2013 2014 2015 2016 2017]\n",
      "[[0.         4.38069909 5.76782822 ... 4.12388063 4.82375632 3.08506363]\n",
      " [4.38069909 0.         3.02218948 ... 1.44695851 1.99102914 3.1687169 ]\n",
      " [5.76782822 3.02218948 0.         ... 3.28894461 2.46319579 4.64423195]\n",
      " ...\n",
      " [4.12388063 1.44695851 3.28894461 ... 0.         2.84631532 3.01814062]\n",
      " [4.82375632 1.99102914 2.46319579 ... 2.84631532 0.         3.52727727]\n",
      " [3.08506363 3.1687169  4.64423195 ... 3.01814062 3.52727727 0.        ]]\n",
      "[2009 2010 2011 2012 2013 2014 2015 2016 2017 2018]\n",
      "[[0.         4.31574935 5.71212278 ... 4.07293496 4.78077041 2.99937822]\n",
      " [4.31574935 0.         3.03911959 ... 1.44703816 2.03362435 3.20237253]\n",
      " [5.71212278 3.03911959 0.         ... 3.26136742 2.49401429 4.66029596]\n",
      " ...\n",
      " [4.07293496 1.44703816 3.26136742 ... 0.         2.85439684 3.05786065]\n",
      " [4.78077041 2.03362435 2.49401429 ... 2.85439684 0.         3.55340835]\n",
      " [2.99937822 3.20237253 4.66029596 ... 3.05786065 3.55340835 0.        ]]\n",
      "[2010 2011 2012 2013 2014 2015 2016 2017 2018 2019]\n",
      "[[0.         4.25498702 5.66379943 ... 4.03999689 4.74348998 2.92142907]\n",
      " [4.25498702 0.         3.0560748  ... 1.4569492  2.0744299  3.2306779 ]\n",
      " [5.66379943 3.0560748  0.         ... 3.23830567 2.52456723 4.67693315]\n",
      " ...\n",
      " [4.03999689 1.4569492  3.23830567 ... 0.         2.86910954 3.10732452]\n",
      " [4.74348998 2.0744299  2.52456723 ... 2.86910954 0.         3.57698255]\n",
      " [2.92142907 3.2306779  4.67693315 ... 3.10732452 3.57698255 0.        ]]\n"
     ]
    },
    {
     "data": {
      "text/plain": [
       "'temp-plot.html'"
      ]
     },
     "execution_count": 18,
     "metadata": {},
     "output_type": "execute_result"
    }
   ],
   "source": [
    "import pandas as pd\n",
    "import plotly.graph_objs as go\n",
    "from plotly.offline import plot\n",
    "data = pd.read_csv('data/data.csv')\n",
    "\n",
    "year_grid = [x for x in range(1999,2020,1)]\n",
    "plot_data = []\n",
    "steps = []\n",
    "countries = data[['countrycode','country']].drop_duplicates().reset_index(drop=True)\n",
    "i=0\n",
    "for y in year_grid:\n",
